Matemática 753,33
Selecionados
Bill the Lizard 771,67 805 705 805
Mickey Mouse 766,67 800 700 800
Bragi 765,00 765 755 775
Nebula 760,00 760 750 770
Spider-Man 753,33 780 720 760
Fila de Espera
Crystal 750,00 750 740 760
Vision 746,67 750 760 730
Gryphon 746,67 720 720 800
Valkyrie 740,00 740 730 750
Captain America 736,67 760 710 740
Pato Donald 733,33 700 700 800
Winter Soldier 730,00 730 720 740
Kraglin 730,00 730 720 740
Black Bolt 730,00 730 720 740
Ronan 730,00 730 720 740

Física 750
Selecionados
Sleipnir 761,00 761 751 771
Gorgon 760,00 760 750 770
Doctor Strange 760,00 750 760 770
Mad Hatter 753,33 710 720 830
Mantis 750,00 750 740 760
Stakar Ogord 750,00 750 740 760
Surtur 750,00 750 740 760
Balder 750,00 750 740 760
Fila de Espera
Gryphon 746,67 720 720 800
Vidar 746,00 736 746 756
Freyja 745,00 745 735 755
Heimdall 743,00 743 733 753
Black Panther 740,00 740 730 750
Ultron 740,00 740 730 750
Fandral 740,00 740 730 750
Njord 735,00 735 725 745
Pato Donald 733,33 700 700 800
Thor 730,00 790 680 720

Química 760
Selecionados
Deadpool 800,00 900 700 800
Peter Parker 783,33 700 850 800
Gamora 760,00 760 750 770
Aleta Ogord 760,00 760 750 770
Tyr 760,00 760 750 770
Fila de Espera
Mantis 750,00 750 740 760
Crystal 750,00 750 740 760
Laufey 750,00 750 740 760
Triton 740,00 740 730 750
Frigga 740,00 740 730 750
Captain America 736,67 760 710 740
Hulk 736,67 720 750 740
Ant-Man 730,00 730 720 740
Winter Soldier 730,00 730 720 740
Lorelei 730,00 730 720 740

Estatística 746
Selecionados
Nebula 760,00 760 750 770
Odin 760,00 760 750 770
Modi 752,00 752 742 762
Star-Lord 750,00 750 740 760
Sif 750,00 750 740 760
Fenrir 750,00 750 740 760
Vidar 746,00 736 746 756
Fila de Espera
Freyja 745,00 745 735 755
Thanos 740,00 740 730 750
Drax 730,00 740 730 720
Karnak 730,00 740 730 720
Hela 730,00 730 720 740
Malekith 730,00 730 720 740
Maximus 720,00 720 710 730
Loki 720,00 720 710 730
Black Widow 713,33 730 700 710
Wasp 706,67 710 700 710

Biologia 767
Selecionados
Duchess 813,33 910 710 820
Caterpillar 805,00 905 705 805
Cheshire Cat 783,33 820 710 820
Valkyrie 767,00 767 757 777
Fila de Espera
Sleipnir 761,00 761 751 771
Gamora 760,00 760 750 770
Volstagg 760,00 760 750 770
Surtur 750,00 750 740 760
Vision 746,67 750 760 730
Heimdall 743,00 743 733 753
Black Panther 740,00 740 730 750
Thanos 740,00 740 730 750
Triton 740,00 740 730 750
Ultron 740,00 740 730 750

Engenharia 742
Selecionados
King of Hearts 796,67 720 860 810
Iron Man 783,33 800 770 780
March Hare 780,00 680 850 810
Ego 760,00 760 750 770
Volstagg 760,00 760 750 770
Scarlet Witch 756,67 760 740 770
Idunn 751,00 751 741 761
Korath 750,00 750 740 760
Laufey 750,00 750 740 760
Huginn 742,00 742 732 752
Fila de Espera
Fandral 740,00 740 730 750
Hulk 736,67 720 750 740
Njord 735,00 735 725 745
Drax 730,00 740 730 720
Karnak 730,00 740 730 720
Black Bolt 730,00 730 720 740
Skadi 721,00 721 711 731
Groot 720,00 720 710 730
Yondu 720,00 720 710 730
Vision 720,00 720 710 730

